28.125
30
30.5
28.625
28.9375
29.4375
29.5625
30.4375
30.125
31
33.125
31.25
29.5
29.3125
28
28.0625
29.9375
29.4375
29.9375
29.75
30.75
32.25
30.1875
30.5625
30.25
30.8125
32.75
31.75
32.8125
34.6875
34.875
36.875
35.6875
36
34.75
36
35.9375
36.9375
37.5
36.375
36.8125
37.6875
36.375
37.3125
36
37.375
37.875
36.8125
35.4375
35.375
35.5
33.1875
33.5
31.96875
33.3125
33.125
32.9375
33.875
34.8125
33.3125
33.125
33.875
33.25
33.5625
34.125
35.25
36.25
35.375
35.3125
35.3125
37.625
38.875
37.5
36.5625
35.25
35.25
34.75
34.25
36.1875
37.0625
35.875
35.4375
36.6875
38.125
38.3125
37.0625
36.9375
35.875
35.75
35.875
36.125
36.0625
35.875
36.4375
36.3125
36.125
36.75
37.25
37.9375
39.5
38.5625
37
37.8125
37.1875
35.75
34.0625
33.25
32.8125
32.3125
33.75
32
29.9375
30.5625
29.375
28.75
29.625
30.125
30.125
28.75
28.25
28.625
27.1875
29.125
27.5
27.9375
27.375
28.5625
29.375
30.75
29.875
30
30.3125
29.5
30.4375
29.6875
30.375
31.375
30
29
29.5
28.5625
28.5
30.625
31.1875
30.8125
30.625
31.9375
31.3125
30.5625
30.375
31.0625
32.8125
32
33
33.5
33.8125
32.5
34.0625
35.125
35.125
33.6875
32.875
32.125
31.375
31.125
33.3125
34.0625
32.6875
31.25
30.5
30.6875
31.4375
29.5625
27.3125
26.625
24.5625
26.125
24.875
24
23.75
25.5625
24.125
24.1875
24.9375
24.25
23.6875
24.0625
24
24.5
24.75
24.9375
25.6875
25.5
26.875
26.5625
26.75
25.25
23.75
23.9375
23.125
23.5625
23
22.375
23.625
26.8125
26.4375
27.3125
28.8125
29.3125
30.5625
29.3125
30.3125
32.875
33.9375
33.3125
31.875
34.1875
35.4375
34.6875
33.4375
32.75
35.25
34.875
36.9375
36.1875
35.625
37.5625
38.75
38.25
36.3125
37.375
36.9375
38
39.3125
40.0625
42.3125
40.6875
41.375
38.75
39.4375
43.8125
42.8125
44.1875
44.25
45.4375
43.4375
41.1875
41.9375
39.125
40.625
39.5625
41.125
45.4375
44.6875
43.4375
44.6875
43.9375
43.6875
43.5
41.875
42.6875
44.3125
49.75
53.5625
54.625
55.5
55.5
53.4375
54.875
53.25
56.1875
54.875
57.5625
55.3125
54.625
54
58.5625
56.1875
59
63.1875
62.1875
59.1875
63.375
61.75
60.6875
67.4375
63.25
60.8125
67.0625
66.875
67.875
67.375
66.25
68.6875
68.1875
68.4375
68.25
63.75
55.625
57.0625
57.3125
58.25
57.5625
61.6875
63.25
58.875
61
61.625
60.875
60.5625
63.625
63.9375
63.875
60.9375
60.0625
58.6875
57.375
61.0625
57.8125
61.375
62.5
61.6875
64.375
65.75
67.9375
64.75
65.125
66.5
62.6875
59.8125
59
62
61.375
58.6875
56.75
61.375
61.8125
60.75
60.75
58.9375
54.1875
51.875
53.625
55.25
53.0625
57.4375
53.9375
56.75
56.1875
56.6875
60.3125
59.03125
60.6875
63.25
63.125
65.3125
61.5625
59.5625
56.25
55.3125
54.5
55.25
55
54.0625
57.625
57.25
60.8125
61.8125
61.8125
64.8125
66
65.8125
66
67.375
70.1875
69.1875
66.625
70
68.6875
69.375
65.8125
64.8125
66.375
69.125
73.875
72.375
72.125
74.5
70.5
72.9375
74.125
73
72.5
77.5
76.375
78.5625
77.5625
72.3125
72.6875
68.25
71
69.375
72.5625
75.1875
71.8125
71.9375
71.875
73.75
72.875
72.4375
74.6875
77.875
76.9375
77.75
72.625
69.75
70.5
71.75
65.0625
65.3125
63.9375
66.875
69.75
68.1875
67.6875
68.9375
70
71.0625
74
74.4375
77.375
77.1875
76.625
79
78.75
76
81.5625
78.125
81.4375
84.8125
83.8125
81.3125
83.6875
78.875
78.875
82.375
80.6875
79.75
77.6875
78.1875
82.0625
85.5625
86.75
82.4375
82.25
82.75
81.25
79.5625
80.28125
79.875
77.75
74.75
78.5
79.1875
78.8125
80.3125
80.125
79.3125
83.75
89.8125
87.75
91.125
94.4375
92.75
98
97.1875
99.4375
101.75
108.5
109
105.25
105.5
110
107
107.25
103.3125
102.875
102.4375
102
101.3125
97.4375
100.5
107.75
110.25
114.3125
111.25
114.8125
112.6875
109.4375
108.0625
104.5625
103.25
110.5625
110.75
116.3125
123.625
120.9375
121.625
127.6875
126.0625
126.375
124.375
126.6875